place(-5.82, 2.00, 7.33, "Solder", 400)
place(-4.72, 2.00, 4.95, "Solder", 400)

upgrade(-5.82, 2.05, 7.33, 100)
upgrade(-4.72, 2.05, 4.95, 100)

place(-4.72, 2.00, 1.16, "Solder", 400)
upgrade(-4.72, 2.05, 1.16, 100)

place(-4.72, 2.00, -2.27, "Solder", 400)
upgrade(-4.72, 2.05, -2.27, 100)

place(-1.17, 2.00, -2.41, "Solder", 400)
upgrade(-1.17, 2.05, -2.41, 100)

place(2.33, 2.00, -2.49, "Solder", 400)
upgrade(2.33, 2.05, -2.49, 100)

upgrade(-5.82, 2.05, 7.33, 700)
upgrade(-4.72, 2.05, 4.95, 700)
upgrade(-4.72, 2.05, 1.16, 700)
upgrade(-4.72, 2.05, -2.27, 700)
upgrade(-1.17, 2.05, -2.41, 700)
upgrade(2.33, 2.05, -2.49, 700)

place(5.51, 2.00, -2.02, "Solder", 400)
upgrade(5.51, 2.05, -2.02, 100)
upgrade(5.51, 2.05, -2.02, 700)

place(5.71, 2.00, 0.95, "Solder", 400)
upgrade(5.71, 2.05, 0.95, 100)
upgrade(5.71, 2.05, 0.95, 700)

place(5.63, 2.00, 4.33, "Solder", 400)
upgrade(5.63, 2.05, 4.33, 100)
upgrade(5.63, 2.05, 4.33, 700)

place(5.86, 2.00, 9.07, "Solder", 400)
upgrade(5.86, 2.05, 9.07, 100)
upgrade(5.86, 2.05, 9.07, 700)

upgrade(-5.82, 2.05, 7.33, 1850)
upgrade(-4.72, 2.05, 4.95, 1850)
upgrade(-4.72, 2.05, 1.16, 1850)
upgrade(-4.72, 2.05, -2.27, 1850)
upgrade(-1.17, 2.05, -2.41, 1850)
upgrade(2.33, 2.05, -2.49, 1850)
upgrade(5.51, 2.05, -2.02, 1850)
upgrade(5.71, 2.05, 0.95, 1850)
upgrade(5.63, 2.05, 4.33, 1850)
upgrade(5.86, 2.05, 9.07, 1850)

upgrade(-5.82, 2.05, 7.33, 6000)
upgrade(-4.72, 2.05, 4.95, 6000)
upgrade(-4.72, 2.05, 1.16, 6000)
upgrade(-4.72, 2.05, -2.27, 6000)
upgrade(-1.17, 2.05, -2.41, 6000)
upgrade(2.33, 2.05, -2.49, 6000)
